97 101 101 806 838 870 70 112 5 171 101 496 490
97 932 101 807 839 871 299 70 5 171 101 101 496
97 101 101 808 840 872 324 297 101 101 781 719 743
97 101 674 101 101 101 266 298 101 781 781 101 744
101 674 101 101 101 101 492 492 777 678 4 101 101
5 141 141 101 101 590 615 658 779 101 101 101 630
102 70 5 102 679 656 580 778 567 663 1 663 597
141 141 102 590 593 931 418 458 557 4 101 101 101
70 102 590 617 621 557 624 559 4 101 101 101 590
774 4 749 464 559 4 101 101 101 101 101 351 746
776 101 13 141 141 101 69 45 101 101 741 612 612
141 101 781 81 102 81 102 781 719 781 101 624 616
5 102 13 102 13 102 781 847 847 847 781 741 580
102 781 101 101 101 719 847 847 847 847 719 101 749
97 803 101 850 882 914 847 931 847 847 781 101 101
673 704 101 851 883 915 847 847 847 781 101 101 101
97 101 770 852 884 916 847 847 719 101 101 101 101