97 97 97 806 838 870 70 112 5 171 97 496 490
97 932 97 807 839 871 299 70 5 171 97 97 496
97 97 97 808 840 872 324 297 97 97 781 719 743
97 97 674 97 97 97 266 298 97 781 781 97 744
101 674 97 97 97 97 492 492 777 678 4 97 97
5 141 141 101 97 590 615 658 779 97 97 97 630
102 70 5 102 679 656 580 778 567 663 1 663 597
141 141 102 590 593 931 418 458 557 4 97 97 97
70 102 590 617 621 557 624 559 4 97 97 97 590
774 4 749 464 559 4 97 97 97 97 97 351 746
776 97 13 141 141 101 69 45 97 97 741 612 612
141 101 781 81 102 81 102 781 719 781 97 624 616
5 102 13 102 13 102 781 847 847 847 781 741 580
102 781 97 97 97 719 847 847 847 847 719 97 749
97 803 97 850 882 914 847 931 847 847 781 97 97
673 704 97 851 883 915 847 847 847 781 97 97 97
97 97 770 852 884 916 847 847 719 97 97 97 97
