44 44 44 806 838 870 70 112 5 171 44 496 490
44 932 44 807 839 871 299 70 5 171 44 44 496
44 44 44 808 840 872 324 244 44 44 781 719 743
44 44 674 44 44 44 266 244 44 781 781 44 744
101 674 44 44 44 44 492 492 777 678 4 44 44
5 141 141 101 44 590 615 658 779 44 44 44 630
102 70 5 102 679 656 580 778 567 663 1 663 544
141 141 102 590 593 931 418 458 557 4 44 44 44
70 102 590 617 621 557 624 559 4 44 44 44 590
774 4 749 464 559 4 44 44 44 44 44 351 746
776 44 13 141 141 101 69 45 44 44 741 612 612
141 101 781 81 102 81 102 781 719 781 44 624 616
5 102 13 102 13 102 781 847 847 847 781 741 580
102 781 44 44 44 719 847 847 847 847 719 44 749
44 803 44 850 882 914 847 931 847 847 781 44 44
673 704 44 851 883 915 847 847 847 781 44 44 44
44 44 770 852 884 916 847 847 719 44 44 44 44